0.01	0.990195	
0.02	0.980762	
0.03	0.971675	
0.04	0.962912	
0.05	0.954451	
0.06	0.946274	
0.07	0.938363	
0.08	0.930703	
0.09	0.92328	
0.1	0.91608	
0.11	0.909091	
0.12	0.902302	
0.13	0.895703	
0.14	0.889284	
0.15	0.883037	
0.16	0.876953	
0.17	0.871024	
0.18	0.865244	
0.19	0.859605	
0.2	0.854102	
0.21	0.848729	
0.22	0.843479	
0.23	0.838349	
0.24	0.833333	
0.25	0.828427	
0.26	0.823626	
0.27	0.818927	
0.28	0.814325	
0.29	0.809817	
0.3	0.805399	
0.31	0.801069	
0.32	0.796823	
0.33	0.792659	
0.34	0.788572	
0.35	0.784562	
0.36	0.780625	
0.37	0.776759	
0.38	0.772962	
0.39	0.769231	
0.4	0.765564	
0.41	0.761961	
0.42	0.758417	
0.43	0.754933	
0.44	0.751505	
0.45	0.748133	
0.46	0.744815	
0.47	0.741549	
0.48	0.738334	
0.49	0.735168	
0.5	0.732051	
0.51	0.72898	
0.52	0.725955	
0.53	0.722974	
0.54	0.720036	
0.55	0.71714	
0.56	0.714286	
0.57	0.711471	
0.58	0.708695	
0.59	0.705958	
0.6	0.703257	
0.61	0.700593	
0.62	0.697964	
0.63	0.69537	
0.64	0.69281	
0.65	0.690282	
0.66	0.687787	
0.67	0.685323	
0.68	0.68289	
0.69	0.680487	
0.7	0.678113	
0.71	0.675769	
0.72	0.673452	
0.73	0.671164	
0.74	0.668907	
0.75	0.695961	0.636728	
0.76	0.789474	0.526316	
0.77	0.833015	0.465687	
0.78	0.863083	0.418968	
0.79	0.886076	0.379747	
0.8	0.904508	0.345492	
0.81	0.91969	0.314878	
0.82	0.932409	0.287103	
0.83	0.943184	0.261635	
0.84	0.952381	0.238095	
0.85	0.960268	0.216203	
0.86	0.967049	0.195741	
0.87	0.972885	0.17654	
0.88	0.977904	0.15846	
0.89	0.982209	0.141387	
0.9	0.985887	0.125224	
0.91	0.989011	0.10989	
0.92	0.991642	0.0953146	
0.93	0.993832	0.0814365	
0.94	0.995628	0.0682022	
0.95	0.997067	0.0555646	
0.96	0.998185	0.0434817	
0.97	0.999012	0.0319159	
0.98	0.999575	0.0208335	
0.99	0.999897	0.0102041	
1	1	-6.66134e-16	
1.01	0.999903	-0.00980391	
1.02	0.999623	-0.0192306	
1.03	0.999175	-0.0283012	
1.04	0.998574	-0.0370351	
1.05	0.997831	-0.0454501	
1.06	0.996959	-0.0535627	
1.07	0.995968	-0.0613882	
1.08	0.994867	-0.068941	
1.09	0.993665	-0.0762341	
1.1	0.992371	-0.08328	
1.11	0.990991	-0.0900901	
1.12	0.989532	-0.0966752	
1.13	0.988001	-0.103045	
1.14	0.986403	-0.10921	
1.15	0.984744	-0.115179	
1.16	0.983028	-0.120959	
1.17	0.98126	-0.126559	
1.18	0.979444	-0.131986	
1.19	0.977584	-0.137248	
1.2	0.975684	-0.14235	
1.21	0.973746	-0.1473	
1.22	0.971775	-0.152103	
1.23	0.969773	-0.156764	
1.24	0.967742	-0.16129	
1.25	0.969894	-0.175869	0.961338	-0.155212	
1.26	0.987819	-0.229491	0.933641	-0.0983233	
1.27	0.993752	-0.25418	0.917948	-0.0701388	
1.28	0.996974	-0.272266	0.905115	-0.0486187	
1.29	0.99879	-0.286879	0.893833	-0.0306299	
1.3	0.99971	-0.299245	0.883588	-0.0149464	
1.31	0.999999	-0.309997	0.874111	-0.000932727	
1.32	0.999816	-0.319515	0.865241	0.0117925	
1.33	0.999267	-0.32805	0.856869	0.0234804	
1.34	0.998423	-0.335776	0.848921	0.0343074	
1.35	0.997338	-0.342823	0.841338	0.0444034	
1.36	0.996054	-0.349287	0.834078	0.0538673	
1.37	0.997979	-0.364469	0.818013	0.083272	0.9905	-0.344094	0.837791	0.0384053	
1.38	0.999981	-0.379949	0.800782	0.115073	0.981726	-0.330025	0.849695	0.00366543	
1.39	0.999595	-0.388876	0.789798	0.132944	0.975433	-0.322543	0.855393	-0.0170594	
1.4	0.995165	-0.386496	0.79087	0.124335	0.978357	-0.340056	0.838107	0.0166072	0.999614	-0.398919	0.777209	0.154325	0.966657	-0.308197	0.86702	-0.0524136	0.996154	-0.389252	0.787876	0.130951	0.975992	-0.333586	0.844209	0.0022363	0.999993	-0.39998	0.776022	0.156906	0.965533	-0.305155	0.869633	-0.0587654	
1.41	0.984561	-0.366798	0.810297	0.0742197	0.992233	-0.388182	0.787534	0.125504	0.977791	-0.348065	0.82918	0.0305703	0.998682	-0.406287	0.767253	0.169965	0.959268	-0.297474	0.875228	-0.080093	0.990955	-0.384608	0.791428	0.116836	0.980753	-0.356245	0.821056	0.0494718	0.996549	-0.400285	0.774078	0.155132	0.966067	-0.315932	0.859263	-0.0410503	0.997624	-0.403308	0.770654	0.162591	0.962725	-0.306845	0.867243	-0.0604763	0.994843	-0.395495	0.779453	0.143359	0.971022	-0.329466	0.846947	-0.0114208	0.999816	-0.409481	0.763578	0.177897	0.955377	-0.286971	0.883883	-0.101561	0.985456	-0.369285	0.807716	0.080108	0.990952	-0.384599	0.791438	0.116813	0.98076	-0.356266	0.821035	0.0495203	0.996542	-0.400266	0.7741	0.155085	0.966087	-0.315988	0.859214	-0.0409296	0.997638	-0.403347	0.770609	0.162688	0.962681	-0.306724	0.867348	-0.0607319	0.994799	-0.395372	0.77959	0.143058	0.971143	-0.329798	0.846638	-0.0106833	0.999839	-0.409546	0.763503	0.178058	0.955296	
1.42	0.94912	-0.279176	0.889326	-0.12308	0.978489	-0.359565	0.816412	0.053529	0.995931	-0.408468	0.763078	0.17315	0.957427	-0.301667	0.870776	-0.0767167	0.991643	-0.396364	0.776911	0.1429	0.971003	-0.338842	0.836964	0.00527698	0.99996	-0.419888	0.749646	0.202004	0.942056	-0.260207	0.903855	-0.160075	0.963614	-0.318543	0.855913	-0.0402731	0.997697	-0.413467	0.757244	0.185745	0.951008	-0.284272	0.885249	-0.112806	0.98193	-0.369146	0.806499	0.0763753	0.991717	-0.396573	0.776676	0.14342	0.970792	-0.33826	0.837524	0.0039465	0.999978	-0.419937	0.749587	0.20213	0.941984	-0.260014	0.903998	-0.160441	0.963447	-0.318088	0.856325	-0.0412745	0.997581	-0.413138	0.75763	0.184915	0.951445	-0.285451	0.884295	-0.110408	0.98269	-0.371266	0.804269	0.0814742	0.990574	-0.393356	0.780285	0.135441	0.973951	-0.346984	0.829035	0.024036	0.99918	-0.417671	0.752282	0.196381	0.945237	-0.268731	0.897453	-0.143699	0.970678	-0.337946	0.837825	0.00322998	0.999985	
1.43	0.99396	-0.412777	0.75635	0.181947	0.95266	-0.297813	0.87317	-0.0902679	0.988348	-0.396869	0.774768	0.141621	0.971319	-0.349149	0.825676	0.0251102	0.999098	-0.427422	0.738753	0.219568	0.931059	-0.239627	0.917888	-0.204802	0.94002	-0.263603	0.900634	-0.159933	0.963423	-0.327302	0.846809	-0.0254322	0.999075	-0.427356	0.738835	0.219396	0.931167	-0.239914	0.917691	-0.204285	0.940323	-0.264416	0.90002	-0.158353	0.964142	-0.329285	0.844948	-0.0209289	0.999374	-0.428209	0.737791	0.221601	0.929777	-0.236215	0.92021	-0.210904	0.936393	-0.253869	0.907837	-0.178561	0.954406	-0.302574	0.869082	-0.0800839	0.990829	-0.403891	0.766728	0.159344	0.963691	-0.328043	0.846115	-0.0237519	0.999193	-0.427694	0.738422	0.220269	0.930619	-0.238454	0.91869	-0.206908	0.938781	-0.260272	0.90313	-0.16637	0.960419	-0.319039	0.854447	-0.0440127	0.99723	-0.422089	0.745233	0.205818	0.939424	-0.262	0.901839	-0.163039	0.961988	-0.323352	0.850484	-0.0343527	0.998312	
1.44	0.722987	0.247298	0.911935	-0.197541	0.943808	-0.282713	0.884905	-0.127603	0.976553	-0.373265	0.79937	0.079852	0.990818	-0.413677	0.753574	0.182261	0.952164	-0.305529	0.865579	-0.0788878	0.991038	-0.414306	0.752824	0.183888	0.951307	-0.303177	0.86764	-0.0840315	0.989832	-0.410864	0.756914	0.174996	0.955902	-0.315798	0.856391	-0.0561046	0.995467	-0.426975	0.737477	0.216825	0.932301	-0.251627	0.908824	-0.189385	0.948352	-0.295095	0.874604	-0.101501	0.985164	-0.397591	0.772367	0.140966	0.971385	-0.358768	0.814651	0.0443352	0.99717	-0.43186	0.731436	0.229602	0.924087	-0.22967	0.924043	-0.229551	0.924121	-0.22976	0.923983	-0.229392	0.924226	-0.230039	0.923798	-0.228901	0.924551	-0.230903	0.923225	-0.227375	0.925553	-0.233573	0.921439	-0.222632	0.928627	-0.24178	0.915821	-0.207769	0.937838	-0.266539	0.897698	-0.160441	0.962932	-0.335224	0.83818	-0.0116656	0.999804	-0.439436	0.721931	0.249495	0.910363	-0.193416	0.94613	-0.289034	0.879702	
1.45	0.905928	-0.190022	0.947643	-0.302139	0.867633	-0.0915407	0.987849	-0.414977	0.750301	0.18372	0.951058	-0.311541	0.859266	-0.0705908	0.992775	-0.429122	0.732989	0.220955	0.92921	-0.251974	0.907938	-0.19531	0.944688	-0.294032	0.87464	-0.109243	0.982696	-0.400251	0.767708	0.145405	0.969343	-0.362459	0.809504	0.0498186	0.996401	-0.439582	0.719813	0.248711	0.910307	-0.201555	0.941095	-0.284205	0.88288	-0.130241	0.975404	-0.379549	0.791116	0.0924957	0.987595	-0.414247	0.751179	0.18181	0.952071	-0.314336	0.85673	-0.0642796	0.994009	-0.432678	0.728546	0.230371	0.923048	-0.235424	0.919634	-0.226304	0.92574	-0.242643	0.914631	-0.212996	0.934217	-0.265505	0.897785	-0.168726	0.95872	-0.33276	0.839442	-0.0217622	0.999313	-0.448009	0.708967	0.27118	0.893369	-0.157257	0.964142	-0.347876	0.824525	0.0142308	0.999706	-0.449149	0.707485	0.274224	0.890962	-0.151029	0.966926	-0.355672	0.816572	0.0331557	0.998406	-0.445381	0.712372	0.264164	0.898816	
1.46	0.703238	0.277967	0.887192	-0.14918	0.967508	-0.366665	0.803713	0.0569065	0.995272	-0.446227	0.709287	0.265491	0.897091	-0.174967	0.955304	-0.332405	0.83868	-0.0269417	0.99894	-0.456907	0.695204	0.294369	0.873487	-0.113949	0.981043	-0.40517	0.760323	0.155987	0.964475	-0.35811	0.812765	0.0355428	0.998156	-0.454619	0.698249	0.288174	0.878755	-0.127427	0.976293	-0.391596	0.776113	0.120568	0.978777	-0.398685	0.767933	0.139007	0.971788	-0.378784	0.790523	0.0876079	0.988794	-0.427463	0.733223	0.215082	0.93246	-0.269444	0.894004	-0.166895	0.959333	-0.343667	0.827564	0.000101978	1	-0.46	0.691064	0.302748	0.866181	-0.0953943	0.986714	-0.421462	0.740659	0.199078	0.942137	-0.295928	0.872143	-0.110524	0.982165	-0.408387	0.756501	0.164451	0.960515	-0.346981	0.824222	0.0081607	0.999903	-0.459716	0.691445	0.301979	0.866861	-0.097113	0.986231	-0.420071	0.742369	0.195377	0.944269	-0.3018	0.867019	-0.0975134	0.986117	-0.419743	0.742771	
1.47	0.972223	-0.389469	0.777021	0.112469	0.981405	-0.41584	0.745803	0.182353	0.951118	-0.329801	0.84011	-0.0375042	0.997932	-0.463927	0.683614	0.313028	0.85596	-0.0770211	0.99128	-0.444474	0.709591	0.259826	0.900761	-0.192715	0.945406	-0.313875	0.85518	-0.0750585	0.991718	-0.445753	0.707918	0.263314	0.898079	-0.185623	0.94935	-0.32486	0.844865	-0.0492803	0.99643	-0.459523	0.689593	0.300959	0.866853	-0.104608	0.983914	-0.423088	0.736865	0.201834	0.940117	-0.299215	0.868392	-0.108533	0.982684	-0.419532	0.741269	0.192264	0.945661	-0.314584	0.854525	-0.0734121	0.992078	-0.446801	0.706543	0.266172	0.895854	-0.179755	0.952502	-0.333671	0.836336	-0.0282022	0.998831	-0.466565	0.680007	0.320259	0.849229	-0.060148	0.994682	-0.454406	0.696467	0.286953	0.878958	-0.135673	0.972942	-0.391524	0.774662	0.117852	0.979583	-0.410587	0.752185	0.1683	0.958363	-0.350134	0.819787	0.0120861	0.999785	-0.469369	0.676149	0.32795	0.8419	-0.0419293	0.997416	
1.48	0.812073	0.0239944	0.999148	-0.477479	0.662581	0.350261	0.81843	0.00865563	0.999889	-0.479672	0.659474	0.356339	
1.49	0.836337	-0.0421947	0.997347	-0.482105	0.653686	0.363315	0.803324	0.0384599	0.997796	-0.483439	0.651767	0.367048	0.79926	0.0481625	0.996544	-0.479718	0.657107	0.356634	0.810491	0.0212264	0.999329	-0.488	0.645165	0.379805	0.785065	0.0816732	0.990061	-0.460529	0.683991	0.302913	0.863283	-0.110433	0.981829	-0.436342	0.716313	0.235475	0.917382	-0.253968	0.903895	-0.21737	0.929598	-0.287586	0.876768	-0.145396	0.968501	-0.397612	0.764438	0.129296	0.975091	-0.416696	0.741283	0.181244	0.951054	-0.347711	0.819854	-0.00151992	0.999997	-0.48999	0.642266	0.385367	0.778724	0.0964478	0.98614	-0.448983	0.699638	0.270656	0.890851	-0.182487	0.950381	-0.345804	0.821826	-0.00634214	0.99994	-0.489821	0.642512	0.384896	0.779264	0.0951944	0.986498	-0.450035	0.698229	0.273591	0.888471	-0.176177	0.953753	-0.355371	0.81183	0.0179881	0.999518	-0.488564	0.644345	0.38138	0.783278	0.0858487	0.989019	-0.457455	0.688195	0.294319	0.870931	-0.130196	0.974743	
1.5	0.795348	0.0511327	0.996078	-0.488258	0.642407	0.38097	0.782293	0.0820275	0.989907	-0.469874	0.668827	0.329006	0.837633	-0.0524432	0.995875	-0.487649	0.643297	0.379253	0.784251	0.0774256	0.991008	-0.473145	0.664201	0.338256	0.828374	-0.0293054	0.998712	-0.496138	0.630771	0.403192	0.756154	0.142347	0.969606	-0.410204	0.747599	0.161644	0.960807	-0.384724	0.777981	0.0921188	0.987271	-0.462057	0.679756	0.306899	0.85872	-0.1061	0.983114	-0.44977	0.69656	0.272206	0.888856	-0.185096	0.948609	-0.349788	0.816472	6.01636e-05	1	-0.5	0.625	0.414062	0.742828	0.172309	0.955464	-0.369369	
1.51	0.890421	-0.197203	0.941277	-0.337865	0.82763	-0.0343062	0.998223	-0.504638	0.615464	0.428017	0.72337	0.209872	0.93349	-0.31582	0.849389	-0.0894065	0.98793	-0.473768	0.661071	0.340107	0.825334	-0.0285768	0.998767	-0.506278	0.61296	0.432662	0.717333	0.223004	0.924906	-0.291732	0.871488	-0.146831	0.967445	-0.413285	0.742086	0.168457	0.95715	-0.383365	0.778077	0.0858392	0.988874	-0.476586	0.657028	0.348155	0.81697	-0.00783472	0.999907	-0.50972	0.60768	0.442395	0.704473	0.250614	0.905161	-0.237168	0.915064	-0.264387	0.89445	-0.208061	0.934633	-0.319043	0.8463	-0.0814967	0.989971	-0.479864	0.652293	0.357517	0.806995	0.0166273	0.999583	-0.50874	0.609188	0.439624	0.708164	0.242742	0.911026	-0.253251	0.903154	-0.231689	0.918944	-0.275131	0.885698	-0.184535	0.94858	-0.358703	0.805711	0.0197527	0.999411	-0.508221	0.609984	0.438159	0.710105	0.238583	0.914048	-0.261581	0.896679	-0.214091	0.93079	-0.308217	0.856553	-0.107862	0.982432	
1.52	0.594844	0.462165	0.675334	0.306765	0.85696	-0.116259	0.979455	-0.458186	0.6809	0.295291	0.867461	-0.143783	0.968576	-0.425973	0.724191	0.202831	0.937466	-0.335842	0.82856	-0.0434973	0.997124	-0.51127	0.602677	0.447907	0.695057	0.265682	0.892708	-0.211329	0.932117	-0.32064	0.843729	-0.0820559	0.989766	-0.489047	0.636467	0.384263	0.77556	0.085731	0.988828	-0.486228	0.640646	0.376151	0.784935	0.0634922	0.993872	-0.501429	0.617824	0.419806	0.73212	0.185281	0.94782	-0.365512	0.79693	0.0346519	0.998175	-0.514457	0.597708	0.456972	0.682588	0.291791	0.870584	-0.152033	0.964867	-0.415071	0.738128	0.171853	0.955109	-0.386594	0.772828	0.0921596	0.98709	-0.481007	0.648321	0.361114	0.801787	0.0228483	0.999206	-0.517589	0.592795	0.465863	0.670117	0.317434	0.846838	-0.0900449	0.987676	-0.482765	0.645746	0.366179	0.796187	0.03645	0.997981	-0.513867	0.59863	0.455296	0.684912	0.286961	0.874833	-0.163306	0.959463	-0.399266	0.757692	
1.53	0.8966	-0.229953	0.919096	-0.292449	0.869145	-0.155782	0.96287	-0.418492	0.732043	0.180093	0.950377	-0.381921	0.776829	0.0767016	0.990999	-0.50258	0.613542	0.424056	0.72487	0.196083	0.941174	-0.355286	0.806871	0.00390753	0.999977	-0.529929	0.570339	0.502312	0.613955	0.423281	0.725875	0.193851	0.942505	-0.359124	0.802676	0.0142382	0.99969	-0.529051	0.571761	0.499827	0.617764	0.416102	0.735094	0.173243	0.95408	-0.39271	0.764042	0.106848	0.982533	-0.477017	0.651855	0.34988	0.812704	-0.010546	0.99983	-0.529479	0.571067	0.50104	0.615907	0.419608	0.730612	0.183296	0.948596	-0.376746	0.782835	0.0623683	0.994049	-0.511843	0.599166	0.450731	0.689168	0.273322	0.885701	-0.200234	0.938656	-0.348046	0.814662	-0.0154206	0.999636	-0.528887	0.572026	0.499362	0.618475	0.414758	0.736803	0.169395	0.956097	-0.398606	0.756903	0.12346	0.976679	-0.459471	0.676997	0.298764	0.863432	-0.140639	0.969738	-0.438798	0.705408	0.238672	0.912844	
1.54	0.591235	0.46168	0.671751	0.305075	0.856671	-0.130183	0.973901	-0.460663	0.673195	0.302084	0.859467	-0.137574	0.970853	-0.451536	0.686017	0.275246	0.883329	-0.201617	0.9374	-0.353226	0.807856	-0.00505179	0.999961	-0.539879	0.551137	0.532221	0.56378	0.510514	0.598638	0.448114	0.690759	0.265192	0.891697	-0.224489	0.922391	-0.31024	0.851776	-0.117306	0.978809	-0.475422	0.651919	0.345502	0.816168	-0.0258408	0.998972	-0.536834	0.556186	0.523613	0.577778	0.485906	0.636399	0.376294	0.78194	0.0583966	0.994748	-0.523867	0.577367	0.486637	0.635304	0.378439	0.779448	0.0643908	0.993615	-0.520397	0.582949	0.476663	0.6501	0.34915	0.812265	-0.0160523	0.999603	-0.538778	0.552966	0.529112	0.568862	0.501649	0.612456	0.422342	0.725306	0.189853	0.944492	-0.37378	0.784845	0.0513888	0.995933	-0.5275	0.571486	0.497042	0.619542	0.408898	0.742516	0.150952	0.964909	-0.433816	0.710178	0.223296	0.923214	-0.312579	0.849534	-0.111429	0.980879	
1.55	0.520431	0.580185	0.478248	0.645482	0.354196	0.805545	-0.00579886	0.999948	-0.549838	0.5314	0.562301	0.509917	0.596976	0.447611	0.689449	0.263222	0.892607	-0.234957	0.914432	-0.296089	0.864113	-0.157372	0.961613	-0.433284	0.709011	0.220821	0.924419	-0.324554	0.83673	-0.0851817	0.988753	-0.515331	0.588372	0.463418	0.667127	0.310159	0.850892	-0.122227	0.976844	-0.479047	0.644297	0.356567	0.802933	0.000712732	0.999999	-0.549998	0.531129	0.562748	0.509138	0.598207	0.445331	0.692605	0.256463	0.898051	-0.250069	0.903072	-0.264084	0.891902	-0.233009	0.915846	-0.300099	0.860408	-0.147468	0.966293	-0.447268	0.689925	0.262206	0.893434	-0.237248	0.912756	-0.29134	0.868437	-0.168984	0.955739	-0.415827	0.731986	0.169505	0.955465	-0.415017	0.733029	0.167135	0.956702	-0.418682	0.728293	0.177864	0.950965	-0.401718	0.749865	0.12844	0.97443	-0.471747	0.655055	0.334899	0.826156	-0.0579285	0.994799	-0.533918	0.558144	0.517136	0.585484	0.468673	
1.56	-0.236061	0.913069	-0.300565	0.85907	-0.151283	0.964297	-0.450595	0.683264	0.271714	0.884827	-0.221354	0.923564	-0.330633	0.829463	-0.0732943	0.99162	-0.533963	0.555219	0.519102	0.579631	0.475883	0.646715	0.347544	0.811572	-0.0274933	0.998821	-0.556323	0.517187	0.582727	0.470269	0.655001	0.330718	0.829376	-0.0730677	0.991671	-0.534123	0.554952	0.519564	0.578883	0.477235	0.644704	0.351596	0.807154	-0.016335	0.999584	-0.558702	0.51305	0.589376	0.458112	0.672609	0.294252	0.864929	-0.167038	0.956473	-0.427152	0.715364	0.201676	0.93655	-0.368316	0.788375	0.0304041	0.998558	-0.555504	0.518608	0.580431	0.474435	0.648862	0.343206	0.816247	-0.0393639	0.997583	-0.552467	0.523857	0.571896	0.489779	0.625782	0.389099	0.763819	0.0898655	0.987402	-0.520941	0.576648	0.481264	0.63868	0.363657	0.793696	0.0172737	0.999535	-0.558548	0.513318	0.588948	0.458899	0.671482	0.296614	0.862752	-0.161172	0.959477	-0.43613	0.703273	0.228434	0.918596	
1.57	-0.325199	0.833966	-0.0919339	0.986731	-0.528611	0.561296	0.505366	0.59903	0.436626	0.700692	0.229178	0.91754	-0.321751	0.837468	-0.101124	0.983945	-0.519992	0.575485	0.480043	0.638208	0.360525	0.795935	0.0053863	0.999954	-0.569857	0.490163	0.622792	0.391044	0.759923	0.0933517	0.986318	-0.527333	0.563414	0.501626	0.604943	0.425449	0.715819	0.195537	0.939972	-0.387168	0.764658	0.0820173	0.989439	-0.537013	0.547239	0.529832	0.559266	0.508937	0.593343	0.447271	0.685919	0.261339	0.892772	-0.251355	0.900809	-0.273986	0.882143	-0.221736	0.922808	-0.336973	0.821726	-0.0601161	0.994326	-0.552235	0.521208	0.573497	0.483629	0.632782	0.371351	0.783494	0.0362351	0.997939	-0.563534	0.501414	0.605276	0.424816	0.716665	0.193635	0.941134	-0.3906	0.760468	0.0920511	0.986697	-0.528506	0.56147	0.505059	0.599517	0.435709	0.701947	0.226414	0.919517	-0.327452	0.831657	-0.0858957	0.988416	-0.533838	0.552576	0.520615	0.574466	0.481882	0.635431	
1.58	0.65116	0.330065	0.82787	-0.0828836	0.989146	-0.545887	0.529171	0.557565	0.508812	0.590954	0.448222	0.682573	0.263869	0.88999	-0.251489	0.900071	-0.280001	0.876127	-0.212807	0.928447	-0.361982	0.792971	0.00649012	0.999933	-0.57979	0.468873	0.652649	0.326997	0.831055	-0.0912307	0.98685	-0.538718	0.541457	0.536782	0.544746	0.531137	0.554272	0.514597	0.5816	0.465551	0.657554	0.316844	0.841384	-0.118525	0.977804	-0.510639	0.588011	0.453704	0.674762	0.280621	0.875578	-0.211287	0.929465	-0.364971	0.789538	0.0150762	0.999641	-0.578865	0.470566	0.650138	0.332167	0.825671	-0.0771362	0.990599	-0.550433	0.521298	0.570632	0.485518	0.62755	0.377766	0.774522	0.0521818	0.995698	-0.566434	0.493061	0.615888	0.400678	0.746343	0.119896	0.977287	-0.509043	0.590583	0.448914	0.681592	0.265983	0.88822	-0.246518	0.903982	-0.29115	0.866066	-0.185112	0.945859	-0.413546	0.729787	0.158508	0.960303	-0.457047	0.669951	0.290841	0.86635	-0.185888	
1.59	0.326821	0.830169	-0.0957976	0.985408	-0.543937	0.529571	0.554092	0.511842	0.583448	0.458745	0.665389	0.296039	0.860654	-0.177753	0.949762	-0.434257	0.700159	0.220546	0.922661	-0.353574	0.801227	-0.0207245	0.999317	-0.587829	0.450587	0.677185	0.270858	0.883351	-0.240691	0.907888	-0.310575	0.846634	-0.139695	0.968972	-0.492861	0.61377	0.401026	0.744294	0.119183	0.977415	-0.51899	0.571733	0.480264	0.633261	0.362379	0.791204	0.00465411	0.999966	-0.58989	0.446726	0.682692	0.25895	0.893382	-0.269029	0.884921	-0.245106	0.904478	-0.300747	0.856187	-0.165558	0.956419	-0.454432	0.671651	0.282726	0.872905	-0.211521	0.928861	-0.371826	0.780175	0.0322095	0.99835	-0.584759	0.456311	0.668931	0.288525	0.867638	-0.196944	0.938329	-0.399933	0.745685	0.115886	0.978647	-0.522822	0.565385	0.49174	0.615525	0.397595	0.748649	0.108843	0.981164	-0.530664	0.552249	0.515084	0.578155	0.468521	0.650976	0.326207	0.830807	-0.0974807	0.984891	-0.542316	
1.6	-0.424	0.712358	0.188074	0.943405	
1.61	0.737926	0.123299	0.975524	-0.532151	0.544073	0.523416	0.558918	0.497053	0.602231	0.416082	0.72127	0.162429	0.957523	-0.47613	0.635013	0.35078	0.801895	-0.0352867	0.997995	-0.603551	0.413518	0.724694	0.154458	0.96159	-0.488694	0.615496	0.390075	0.755025	0.0821988	0.989122	-0.575163	0.467392	0.648286	0.323357	0.831659	-0.113567	0.979235	-0.543831	0.523839	0.558205	0.498335	0.600176	0.420061	0.715914	0.174823	0.950794	-0.455454	0.666024	0.285823	0.868472	-0.214332	0.92604	-0.380655	0.766714	0.0535616	0.995381	-0.595162	0.42971	0.702712	0.204974	0.932357	-0.399555	0.742972	0.111267	0.980068	-0.546457	0.519229	0.565947	0.484324	0.622343	0.376431	0.771863	0.0408062	0.997319	-0.601379	0.417732	0.719054	0.167567	0.954793	-0.467725	0.647786	0.324401	0.83057	-0.110653	0.980287	-0.54715	0.51801	0.567982	0.480608	0.628115	0.364808	0.785733	0.00602397	0.999942	-0.609812	0.401288	0.740738	0.116605	0.978109	-0.540283	0.530031	
1.62	0.377302	0.769382	0.0410442	0.997271	-0.61117	0.394884	0.747388	0.0950857	0.985353	-0.572892	0.468308	0.644713	0.326638	0.827158	-0.108389	0.980968	-0.558923	0.49392	0.604789	0.407452	0.731052	0.134212	0.970819	-0.526834	0.550362	0.509304	0.579787	0.455433	0.663981	0.285788	0.867686	-0.219665	0.92183	-0.37663	0.770203	0.0389953	0.997537	-0.612028	0.393183	0.74956	0.0898186	0.986931	-0.577933	0.45891	0.65883	0.296827	0.857268	-0.190552	0.941178	-0.435022	0.693425	0.221042	0.920847	-0.373695	0.773771	0.0300714	0.998535	-0.615257	0.386763	0.757671	0.0700141	0.992059	-0.594373	0.427688	0.703674	0.197845	0.936589	-0.421061	0.712786	0.176937	0.949283	-0.459844	0.65744	0.299792	0.854402	-0.182605	0.945982	-0.449709	0.672375	0.267618	0.883976	-0.265891	0.885469	-0.27017	0.881753	-0.259531	0.890883	-0.285749	0.867723	-0.219768	0.921757	-0.37641	0.770471	0.038327	0.99762	-0.612299	0.392646	0.750243	0.0881587	0.987409	-0.579463	
1.63	0.999975	-0.62992	0.353217	0.796637	-0.0344482	0.998066	-0.6237	0.365927	0.781739	0.00388032	
1.64	0.977656	-0.567532	0.471768	0.634993	0.338726	0.811834	-0.0808827	0.989271	-0.604998	0.399723	0.737963	0.106872	0.981268	-0.579136	0.449947	0.667978	0.268241	0.881997	-0.275787	0.875264	-0.256384	0.892198	-0.305469	0.846969	-0.176466	0.94893	-0.476768	0.627215	0.354826	0.793522	-0.0326694	0.99825	-0.634264	0.340243	0.810145	-0.076388	0.99043	-0.608762	0.392231	0.747694	0.0831634	0.988658	-0.603008	0.403666	0.732768	0.119404	0.976618	-0.564204	0.477946	0.625371	0.358613	0.78909	-0.0211675	0.999265	-0.637591	0.333304	0.81781	-0.0968528	0.984616	-0.589929	0.429254	0.697815	0.201408	0.933473	-0.42905	0.698103	0.20075	0.933907	-0.43038	0.696228	0.205037	0.931054	-0.421653	0.708422	0.176947	0.948651	-0.4759	0.628572	0.352032	0.79676	-0.0411154	0.997228	-0.630919	0.347183	0.802321	-0.0556982	0.994912	-0.623355	0.362744	0.784204	-0.00856041	0.99988	-0.639606	0.329083	0.822395	-0.109187	0.980448	-0.576497	0.454948	0.660557	0.284409	
1.65	-0.154747	0.960488	-0.522187	0.550079	0.500732	0.586291	0.432834	0.69088	0.212429	0.925542	-0.413435	0.717968	0.149462	0.963141	-0.530606	0.535454	0.526927	0.541874	0.515515	0.561502	0.47978	0.620188	0.365355	0.779751	-0.00321966	0.999983	-0.649944	0.302996	0.848519	-0.187975	0.941698	-0.463212	0.645967	0.3115	0.839897	-0.163955	0.955646	-0.506878	0.576073	0.452431	0.662255	0.27634	0.874	-0.260394	0.888122	-0.301454	0.850057	-0.192284	0.938994	-0.454822	0.658677	0.284139	0.866787	-0.239677	0.905216	-0.352035	0.795518	-0.0441996	0.996777	-0.63938	0.325469	0.825215	-0.123617	0.974786	-0.567843	0.467964	0.638665	0.326976	0.823593	-0.119205	0.976554	-0.573535	0.457245	0.655029	0.292046	0.859271	-0.218271	0.921391	-0.400785	0.734963	0.10872	0.980497	-0.586268	0.432878	0.690817	0.212573	0.925441	-0.413128	0.718386	0.148469	0.963629	-0.532158	0.532734	0.531722	0.533499	0.530375	0.535859	0.526212	0.543117	0.513289	0.565282	
1.66	-0.14191	0.96657	-0.550868	0.496264	0.591179	0.419842	0.707396	0.169322	0.952408	-0.505754	0.575393	0.450413	0.663233	0.269802	0.879164	-0.283062	0.866994	-0.247788	0.898078	-0.338864	0.809385	-0.0874717	0.987299	-0.6181	0.365801	0.777875	-0.0044478	0.999967	-0.659891	0.277143	0.872498	-0.263681	0.884584	-0.298932	0.851662	-0.204044	0.930888	-0.438476	0.680846	0.230505	0.9118	-0.38009	0.760182	0.0407244	0.997247	-0.650872	0.296766	0.853804	-0.210108	0.926719	-0.425621	0.699285	0.18826	0.941166	-0.470418	0.632653	0.335585	0.813055	-0.0973581	0.984266	-0.608172	0.38601	0.752654	0.0596288	0.994098	-0.640462	0.319082	0.83099	-0.146305	0.964468	-0.544128	0.508515	0.570745	0.459255	0.649881	0.298907	0.851687	-0.204115	0.930839	-0.438326	0.681064	0.230012	0.912177	-0.381232	0.75874	0.0443615	0.996733	-0.649172	0.300436	0.850166	-0.199818	0.933721	-0.447246	0.667952	0.259374	0.888324	-0.309937	0.840539	-0.172799	0.950433	-0.499517	
1.67	0.251974	0.89397	-0.334635	0.812992	-0.103798	0.982007	-0.610445	0.377685	0.761781	0.0308816	0.998407	-0.664685	0.262184	0.885203	-0.308587	0.840973	-0.181083	0.945239	-0.492107	0.595578	0.407629	0.72251	0.128226	0.972542	-0.57955	0.439084	0.678033	0.232253	0.909918	-0.382678	0.755441	0.0469454	0.99632	-0.65773	0.277544	0.871359	-0.267975	0.880076	-0.293471	0.856171	-0.224158	0.916088	-0.401493	0.730801	0.108102	0.980484	-0.605454	0.387821	0.748823	0.0635708	0.993251	-0.647535	0.299767	0.849934	-0.206387	0.928866	-0.440862	0.67542	0.238158	0.905279	-0.368614	0.773086	0.00190434	0.999994	-0.66998	0.250382	0.895306	-0.338625	0.808506	-0.0916486	0.985973	-0.623478	0.35083	0.794454	-0.0540327	0.995124	-0.653755	0.286249	0.863163	-0.244233	0.900385	-0.353857	0.790891	-0.0445992	0.996678	-0.658924	0.274919	0.873781	-0.275034	0.873675	-0.274725	0.873958	-0.275551	0.873199	-0.273337	0.875229	-0.279263	0.86976	-0.263327	0.884201	-0.305624	
1.68	0.292487	0.856279	-0.231798	0.909733	-0.390392	0.743959	0.070163	0.99173	-0.652326	0.28511	0.863437	-0.252478	0.892908	-0.339438	0.806434	-0.0925638	0.985606	-0.631983	0.329004	0.818151	-0.124544	0.973941	-0.593583	0.408067	0.720249	0.128486	0.972265	-0.588104	0.418945	0.705136	0.164677	0.954441	-0.530409	0.52736	0.532777	0.523129	0.540244	0.509669	0.563599	0.466358	0.634617	0.323398	0.824295	-0.141497	0.966364	-0.568884	0.456304	0.650202	0.289759	0.858947	-0.239486	0.903646	-0.371848	0.767705	0.0098577	0.999837	-0.679452	0.224421	0.915387	-0.407729	0.720711	0.127366	0.972747	-0.589677	0.415832	0.709501	0.154301	0.960001	-0.548291	0.494953	0.588437	0.418287	0.706061	0.162484	0.955646	-0.534277	0.520441	0.544957	0.501078	0.578188	0.438374	0.677151	0.229663	0.911388	-0.395455	0.737274	0.0867981	0.987343	-0.637742	0.31672	0.831477	-0.161475	0.956196	-0.536041	0.517269	0.550487	0.4909	0.595149	0.40494	0.72452	0.118119	
1.69	0.915543	-0.416591	0.706703	0.155964	0.958891	-0.553907	0.481485	0.608211	0.374835	0.762553	0.017287	0.999495	-0.688293	0.199366	0.932828	-0.470583	0.625752	0.338255	0.806637	-0.0996199	0.983228	-0.633787	0.321151	0.825697	-0.1522	0.960852	-0.560268	0.469508	0.627461	0.334635	0.810752	-0.11087	0.979226	-0.620514	0.349286	0.793818	-0.0649493	0.992871	-0.665989	0.250414	0.894025	-0.350784	0.792047	-0.0602013	0.993875	-0.669361	0.242805	0.900367	-0.370018	0.768616	0.00159679	0.999996	-0.689985	0.195425	0.935457	-0.478886	0.612429	0.366132	0.773451	-0.0110019	0.999795	-0.689309	0.197003	0.934411	-0.47558	0.617762	0.355044	0.786964	-0.0466389	0.996324	-0.677598	0.224056	0.91516	-0.415407	0.708369	0.15198	0.960964	-0.560635	0.468814	0.628561	0.3323	0.813385	-0.118095	0.976431	-0.611274	0.368521	0.770485	-0.00326332	0.999982	-0.689939	0.195533	0.935386	-0.478661	0.612794	0.365377	0.774384	-0.0134443	0.999695	-0.688968	0.197797	0.933881	
1.7	0.845495	-0.215266	0.921223	-0.442707	0.666818	0.244102	0.898704	-0.373037	0.763434	0.00918554	0.999857	-0.699512	0.16816	0.951928	-0.540483	0.503393	0.569211	0.449197	0.656977	0.266247	0.879491	-0.314958	0.831363	-0.174979	0.94795	-0.527636	0.52672	0.528363	0.525416	0.530695	0.521217	0.538167	0.50764	0.561912	0.463233	0.635205	0.314075	0.832307	-0.17765	0.946349	-0.522479	0.535926	0.511731	0.554823	0.476691	0.613702	0.359728	0.780013	-0.0343142	0.997998	-0.693201	0.183103	0.943005	-0.511738	0.554811	0.476715	0.613663	0.35981	0.779912	-0.034047	0.998029	-0.693306	0.182855	0.943159	-0.512234	0.553948	0.47834	0.611024	0.365304	0.77314	-0.0161665	0.999556	-0.69849	0.170591	0.950528	-0.535956	0.511677	0.554917	0.476514	0.613989	0.35913	0.780744	-0.0362537	0.997766	-0.692412	0.184962	0.941841	-0.50801	0.561274	0.464452	0.633284	0.318218	0.827853	-0.165079	0.953673	-0.546137	0.492948	0.586904	0.414424	0.70803	0.147779	
1.71	0.391849	0.737437	0.0700797	0.991602	-0.681399	0.206039	0.927407	-0.470743	0.621065	0.340415	0.801841	-0.0994423	0.98309	-0.652657	0.271606	0.873854	-0.305792	0.8401	-0.206864	0.926824	-0.468896	0.624034	0.334095	0.809131	-0.119524	0.975571	-0.627473	0.326736	0.817447	-0.142656	0.9652	-0.593056	0.398566	0.728358	0.0928349	0.985263	-0.65997	0.255192	0.88864	-0.350353	0.790102	-0.0674869	0.992212	-0.683468	0.20121	0.93077	-0.481429	0.603667	0.376853	0.757149	0.0197001	0.999336	-0.707731	0.14349	0.964792	-0.59171	0.401294	0.724627	0.102107	0.982172	-0.649571	0.278478	0.867389	-0.286543	0.859597	-0.263531	0.881242	-0.327966	0.81607	-0.138808	0.967052	-0.599176	0.386091	0.745097	0.0506594	0.995611	-0.695024	0.17397	0.948246	-0.537582	0.50582	0.56249	0.458964	0.639792	0.300038	0.846061	-0.224049	0.914161	-0.429031	0.685245	0.197052	0.933601	-0.490456	0.588665	0.407441	0.716127	0.123048	0.974109	-0.622599	0.337153	0.80562	
1.72	0.393676	0.733433	0.0747702	0.990384	-0.687081	0.188023	0.939194	-0.517186	0.539933	0.498573	0.57245	0.436357	0.672499	0.222121	0.915139	-0.440465	0.666305	0.236386	0.903889	-0.405268	0.717504	0.114523	0.977441	-0.643273	0.288263	0.857076	-0.263476	0.880598	-0.333779	0.808377	-0.123975	0.973564	-0.630263	0.316763	0.827418	-0.177547	0.945781	-0.538542	0.501152	0.568016	0.445056	0.659311	0.252332	0.890485	-0.363897	0.772236	-0.0257185	0.998862	-0.716089	0.118013	0.976045	-0.638583	0.298605	0.846636	-0.232884	0.906716	-0.414069	0.705101	0.144872	0.963901	-0.59806	0.384798	0.74532	0.0445364	0.996588	-0.708284	0.137134	0.967654	-0.61053	0.358875	0.778479	-0.0423697	0.996912	-0.709395	0.134426	0.968919	-0.614743	0.349997	0.789304	-0.0715609	0.991192	-0.689834	0.181503	0.943338	-0.530604	0.515751	0.542482	0.493826	0.580553	0.420288	0.696176	0.166383	0.952385	-0.560103	0.46041	0.635399	0.305581	0.839387	-0.211861	0.922798	-0.464676	
1.73	0.240586	0.899865	-0.400879	0.721982	0.0982247	0.983309	-0.67273	0.217061	0.918491	-0.459471	0.634773	0.302919	0.841255	-0.224339	0.912933	-0.441861	0.662232	0.241306	0.899265	-0.399011	0.724566	0.0917561	0.985435	-0.679971	0.200115	0.93072	-0.498596	0.569926	0.438069	0.668006	0.228019	0.910053	-0.432779	0.675975	0.209489	0.924078	-0.477281	0.60591	0.36487	0.769685	-0.0248792	0.998929	-0.726297	0.0874125	0.986781	-0.684565	0.189271	0.938025	-0.522212	0.52822	0.517303	0.537049	0.501031	0.565714	0.446344	0.655345	0.257006	0.88573	-0.357216	0.779246	-0.0504984	0.995588	-0.714769	0.116151	0.97666	-0.650187	0.268654	0.875137	-0.324947	0.817328	-0.155684	0.958069	-0.587961	0.401942	0.720506	0.101906	0.982034	-0.668397	0.227116	0.910764	-0.435019	0.672612	0.217337	0.918283	-0.458811	0.635822	0.300614	0.843662	-0.231353	0.907403	-0.424447	0.688331	0.180327	0.943744	-0.54083	0.49398	0.577852	0.42233	0.691432	0.172924	0.948268	
1.74	0.0911629	0.985539	-0.690041	0.171488	0.94883	-0.566485	0.441625	0.660643	0.240579	0.899292	-0.407184	0.711511	0.11913	0.975306	-0.655126	0.253209	0.888441	-0.373429	0.757359	0.00194956	0.999993	-0.739977	0.0472353	0.996118	-0.726516	0.0815835	0.988419	-0.699931	0.147569	0.962109	-0.610637	0.351193	0.785394	-0.073309	0.990649	-0.70761	0.128761	0.971152	-0.641057	0.28494	0.858728	-0.2831	0.860547	-0.28854	0.855135	-0.272386	0.870902	-0.319739	0.822114	-0.176018	0.946091	-0.557454	0.459287	0.632956	0.302898	0.84036	-0.228796	0.908915	-0.437459	0.667015	0.225858	0.911239	-0.444821	0.655713	0.251869	0.889618	-0.37707	0.752604	0.0144415	0.999637	-0.738737	0.0504247	0.995576	-0.724638	0.0863261	0.987033	-0.695168	0.15913	0.955939	-0.590046	0.394212	0.729598	0.073774	0.99053	-0.7072	0.129771	0.970698	-0.639522	0.28836	0.855316	-0.272925	0.870391	-0.31819	0.823834	-0.180943	0.943032	-0.547397	0.47862	0.601406	0.370661	0.760942	
1.75	-0.744036	0.0312172	0.998295	
1.76	-0.758864	-0.0135402	0.999677	
1.77	-0.756309	-0.0124471	0.999726	-0.769029	-0.0467889	0.996125	
1.78	-0.737132	0.0328118	0.998084	-0.773184	-0.0641087	0.992684	-0.754051	-0.0120966	0.99974	-0.779073	-0.0803791	0.9885	-0.739295	0.0271293	0.99869	-0.775339	-0.0700485	0.991266	-0.749042	0.00130512	0.999997	-0.779989	-0.082922	0.987761	-0.736694	0.0339608	0.997947	-0.772699	-0.0627736	0.992986	-0.755117	-0.0149597	0.999602	-0.778582	-0.0790185	0.988886	-0.740653	0.02355	0.999013	-0.776487	-0.07322	0.990457	-0.746189	0.00889828	0.999859	-0.779498	-0.0815593	0.98816	-0.738098	0.0302771	0.998368	-0.774196	-0.0668948	0.992035	-0.751756	-0.00594476	0.999937	-0.779776	-0.0823303	0.987935	-0.737307	0.0323547	0.998137	-0.773373	-0.0646274	0.992565	-0.753631	-0.0109695	0.999786	-0.779238	-0.0808359	0.988369	-0.738833	0.028343	0.99857	-0.774913	-0.0688728	0.991557	-0.750069	-0.001433	0.999996	-0.779987	-0.0829159	0.987762	-0.736701	0.033944	0.997949	-0.772706	-0.0627934	0.992981	-0.755102	-0.0149176	0.999604	-0.77859	-0.0790406	0.98888	-0.740632	0.0236077	0.999008	-0.77647	-0.0731724	
1.79	-0.727872	0.051662	0.995223	-0.772938	-0.0694042	0.991378	-0.759265	-0.0319056	0.998178	-0.783483	-0.0987825	0.982533	-0.728015	0.0512896	0.995291	-0.773182	-0.0700809	0.991209	-0.758666	-0.0302763	0.998359	-0.784131	-0.100601	0.981884	-0.725733	0.0572285	0.994138	-0.769074	-0.0587399	0.993824	-0.767958	-0.0556683	0.994453	-0.770196	-0.0618323	0.993156	-0.765584	-0.0491522	0.995675	-0.774552	-0.0738751	0.990231	-0.755198	-0.0208796	0.99922	-0.787207	-0.109255	0.978633	-0.714325	0.0866346	0.986565	-0.742226	0.01389	0.999655	-0.788764	-0.113646	0.976882	-0.708193	0.102249	0.981286	-0.72363	0.0626844	0.992966	-0.764909	-0.0473025	0.995995	-0.77569	-0.0770346	0.989378	-0.752174	-0.0127195	0.99971	-0.788963	-0.114209	0.976652	-0.707389	0.104286	0.980533	-0.720986	0.0695208	0.991349	-0.759162	-0.031626	0.99821	-0.783596	-0.0991013	0.98242	-0.727618	0.0523244	0.995099	-0.772498	-0.0681891	0.991677	-0.760327	-0.0347952	0.997833	-0.78225	-0.0953279	0.983734	-0.73224	0.0402468	
1.8	0.903965	-0.470876	0.600897	0.350061	0.779423	-0.0935011	0.984264	-0.743795	0.0041851	0.999968	-0.799887	-0.151673	0.958591	-0.654016	0.230074	0.904718	-0.473328	0.59673	0.359045	0.767956	-0.0615617	0.993178	-0.775526	-0.082592	0.987721	-0.756068	-0.0289512	0.998491	-0.794573	-0.136423	0.9665	-0.68142	0.1642	0.951469	-0.629528	0.28665	0.852097	-0.306925	0.830435	-0.241319	0.895177	-0.442416	0.647683	0.244913	0.892032	-0.432298	0.663613	0.207312	0.922639	-0.532272	0.490035	0.567758	0.419771	0.682826	0.160748	0.953488	-0.636452	0.270872	0.867931	-0.355948	0.771942	-0.0726105	0.99051	-0.765998	-0.0561545	0.994324	-0.779624	-0.0940657	0.984073	-0.743119	0.00599263	0.999935	-0.799767	-0.15133	0.958779	-0.654662	0.228552	0.905975	-0.477423	0.589722	0.374011	0.748209	-0.0076689	0.999894	-0.799619	-0.150903	0.959011	-0.655464	0.226661	0.907525	-0.482483	0.580979	0.392435	0.722791	0.0596311	0.993599	-0.777032	-0.0868008	0.986438	-0.751508	-0.0165764	
1.81	1	-0.81	-0.187541	0.936339	-0.586884	0.376576	0.743324	-8.12803e-05	
1.82	0.971366	-0.717264	0.0636689	0.992622	-0.793244	-0.145209	0.961624	-0.682992	0.151011	0.958496	-0.672061	0.177967	0.942356	-0.616224	0.308887	0.826351	-0.242799	0.892708	-0.450409	0.630779	0.275854	0.861506	-0.35079	0.776042	-0.0960794	0.983199	-0.759359	-0.0494582	0.995548	-0.803831	-0.175983	0.943635	-0.620613	0.299009	0.837281	-0.27589	0.86147	-0.350677	0.776187	-0.0964879	0.983056	-0.758846	-0.0480426	0.995799	-0.804741	-0.178648	0.941914	-0.614709	0.312282	0.822514	-0.231282	0.902645	-0.482879	0.575627	0.396949	0.713225	0.0741841	0.989984	-0.783724	-0.117888	0.974707	-0.729096	0.0325219	0.998075	-0.813	-0.202963	0.925027	-0.557328	0.434682	0.656114	0.216517	0.914679	-0.522682	0.502782	0.539922	0.469441	0.598917	0.347162	0.780651	-0.109137	0.978322	-0.741949	-0.0018875	0.999994	-0.819976	-0.223698	0.908926	-0.503587	0.538448	0.472334	0.59396	0.357926	0.766839	-0.0702352	0.991022	-0.787467	-0.128589	0.969906	-0.712107	0.0770858	0.989185	
1.83	-0.182544	0.93902	-0.613619	0.310954	0.823053	-0.239672	0.89488	-0.465482	0.603487	0.33352	0.796439	-0.160797	0.952684	-0.66092	0.200628	0.92634	-0.570333	0.404737	0.700223	0.102728	0.980688	-0.76	-0.0570094	0.994052	-0.808296	-0.195618	0.929973	-0.582673	0.3787	0.737553	0.00450737	0.999963	-0.829864	-0.260274	0.876031	-0.404399	0.700725	0.101443	0.981168	-0.761725	-0.0618109	0.993008	-0.8045	-0.184413	0.937765	-0.609309	0.3206	0.811905	-0.206317	0.922103	-0.556001	0.434279	0.654864	0.215209	0.915244	-0.532938	0.480239	0.577949	0.388735	0.72346	0.0421885	0.996743	-0.818098	-0.224791	0.907528	-0.507202	0.529225	0.487455	0.56517	0.415467	0.684119	0.143526	0.962303	-0.694629	0.117008	0.974946	-0.739449	-0.000617534	0.999999	-0.829997	-0.260679	0.875645	-0.403159	0.702556	0.0967388	0.982874	-0.767856	-0.0789733	0.988587	-0.788466	-0.137671	0.965316	-0.705256	0.0897823	0.985249	-0.776408	-0.103142	0.980532	-0.759441	-0.0554541	0.994372	
1.84	-0.297562	0.837081	-0.289296	0.846006	-0.316937	0.815174	-0.222696	0.908748	-0.519514	0.503394	0.533734	0.475836	0.583387	0.373775	0.742938	-0.0156016	0.999552	-0.838352	-0.293215	0.841806	-0.303892	0.830076	-0.267808	0.868034	-0.386408	0.725268	0.0321343	0.9981	-0.833015	-0.2768	0.859022	-0.35777	0.764481	-0.0753525	0.989552	-0.801754	-0.182769	0.938535	-0.620762	0.290965	0.844225	-0.311396	0.82158	-0.241987	0.892254	-0.464855	0.602394	0.332304	0.796816	-0.168246	0.947916	-0.653322	0.214634	0.915235	-0.541286	0.460897	0.609136	0.317275	0.814779	-0.221511	0.909716	-0.522754	0.49718	0.545173	0.453126	0.622205	0.287665	0.847738	-0.322334	0.808825	-0.203724	0.923633	-0.569701	0.402811	0.701448	0.0946652	0.983511	-0.77982	-0.11894	0.97397	-0.745457	-0.0224981	0.999069	-0.836574	-0.287736	0.847663	-0.322099	0.809104	-0.204554	0.92301	-0.567583	0.407243	0.694841	0.11164	0.977067	-0.756575	-0.0532258	0.994787	-0.820867	-0.239834	0.894162	
1.85	-0.261847	0.873157	-0.410446	0.688338	0.123454	0.971804	-0.747147	-0.032723	0.998019	-0.842678	-0.313696	0.817951	-0.237731	0.895445	-0.483371	0.567751	0.403668	0.698546	0.0972607	0.9825	-0.785815	-0.142386	0.962494	-0.713829	0.0573288	0.99392	-0.827572	-0.267019	0.868097	-0.394146	0.7126	0.060571	0.993213	-0.824972	-0.259071	0.875832	-0.419102	0.675054	0.15696	0.954423	-0.685207	0.131409	0.968053	-0.733686	0.0041542	0.999968	-0.849882	-0.336254	0.790827	-0.157004	0.954397	-0.685117	0.131638	0.967942	-0.733287	0.00523758	0.999949	-0.849812	-0.336035	0.791099	-0.157801	0.953933	-0.683478	0.135788	0.965889	-0.725942	0.0250646	0.998838	-0.845702	-0.323143	0.806821	-0.204276	0.922802	-0.575393	0.387507	0.722201	0.0350871	0.997722	-0.841583	-0.310284	0.821889	-0.249679	0.884671	-0.447891	0.628879	0.268347	0.866782	-0.389924	0.718724	0.0443563	0.99636	-0.836557	-0.294681	0.839351	-0.303344	0.829767	-0.27375	0.861363	-0.372601	0.743162	-0.0217371	
1.86	-0.856426	-0.364245	0.753225	-0.0552671	0.994319	-0.838926	-0.309061	0.822335	-0.257798	0.876385	-0.428575	0.658362	0.1938	0.930141	-0.609203	0.309702	0.821598	-0.255543	0.878538	-0.435601	0.647069	0.221221	0.908974	-0.536793	0.464046	0.59947	0.331583	0.795498	-0.177039	0.941702	-0.649454	0.215469	0.913646	-0.552634	0.431947	0.652964	0.206965	0.920327	-0.575425	0.384129	0.725548	0.0208585	0.999191	-0.856991	-0.366046	0.750779	-0.0484255	0.995638	-0.84381	-0.324347	0.804326	-0.203308	0.923119	-0.584995	0.363471	0.754273	-0.0582047	0.993699	-0.836633	-0.301916	0.830455	-0.282758	0.851289	-0.347928	0.774839	-0.116699	0.974669	-0.766963	-0.0941122	0.983526	-0.799221	-0.188082	0.934203	-0.623287	0.277415	0.856857	-0.365618	0.751362	-0.0500535	0.99534	-0.842705	-0.320883	0.808483	-0.215779	0.913397	-0.551788	0.433686	0.650164	0.213753	0.915016	-0.557292	0.422332	0.668242	0.169422	0.946611	-0.666694	0.173264	0.944162	-0.658081	0.194489	0.929644	
1.87	1	-0.869999	-0.4154	0.677318	0.142118	0.96223	-0.731409	-0.000374853	
1.88	-0.0526866	0.994781	-0.860429	-0.391836	0.711354	0.0486744	0.995546	-0.86329	-0.401107	0.697533	0.0852807	0.986327	-0.828941	-0.291831	0.83989	-0.326179	0.799981	-0.203144	0.922417	-0.599604	0.324093	0.802531	-0.210827	0.916438	-0.578934	0.36989	0.74278	-0.0372388	0.997393	-0.87021	-0.42366	0.662563	0.174699	0.942623	-0.670451	0.154931	0.954873	-0.714153	0.0411733	0.996813	-0.868036	-0.416554	0.673788	0.146499	0.959652	-0.731351	-0.00556433	0.999942	-0.879781	-0.455148	0.61054	0.299213	0.831686	-0.3004	0.830348	-0.29622	0.835037	-0.3109	0.818281	-0.258818	0.874065	-0.436301	0.642127	0.224826	0.904972	-0.539673	0.452456	0.615133	0.28863	0.843382	-0.337232	0.786196	-0.162035	0.95064	-0.698987	0.0814644	0.987523	-0.833381	-0.305705	0.824304	-0.277416	0.855316	-0.375342	0.735143	-0.0160181	0.999518	-0.878187	-0.449878	0.619506	0.27848	0.854204	-0.371769	0.740161	-0.0299365	0.998315	-0.87367	-0.435004	0.644251	0.219688	0.909266	-0.554316	
1.89	0.999997	-0.88999	-0.497035	0.533087	0.462897	0.595022	0.330842	0.793127	-0.188905	0.932555	-0.643656	0.216986	0.911013	-0.568596	0.38896	0.714062	0.036318	0.997507	-0.880589	-0.465574	0.590324	0.341367	0.779755	-0.149155	0.957953	-0.734404	-0.0193693	0.999291	-0.887321	-0.488069	0.549781	0.42873	0.6526	0.195075	0.928078	-0.627911	0.254827	0.87727	-0.454548	0.609499	0.297885	0.83229	-0.309215	0.81929	-0.268635	0.863608	-0.409599	0.682913	0.118561	0.973433	-0.79091	-0.182268	0.937211	-0.660108	0.176446	0.941158	-0.674122	0.141107	0.962368	-0.750427	-0.0643355	0.992177	-0.860545	-0.399618	0.698178	0.078715	0.988289	-0.845993	-0.352682	0.764913	-0.105824	0.978834	-0.81084	-0.242603	0.888761	-0.492905	0.540814	0.447213	0.622001	0.268788	0.863453	-0.409093	0.683696	0.116539	0.974331	-0.794218	-0.192177	0.930198	-0.635359	0.237044	0.893801	-0.509884	0.508634	0.51104	0.506403	0.515321	0.4981	0.531084	0.466926	0.587943	0.346671	
1.9	0.661018	0.169805	0.945216	-0.697523	0.0755771	0.989147	-0.858984	-0.401921	0.693073	0.0873356	0.985508	-0.845328	-0.357702	0.756893	-0.0884865	0.985123	-0.843889	-0.353082	0.763133	-0.106506	0.978447	-0.818983	-0.274393	0.856946	-0.395278	0.703134	0.0606439	0.993012	-0.87354	-0.449837	0.615529	0.280135	0.850897	-0.375647	0.731889	-0.0177571	0.999401	-0.897724	-0.531226	0.463817	0.59126	0.335783	0.785775	-0.17314	0.943043	-0.689727	0.0961248	0.982444	-0.833873	-0.321154	0.804034	-0.228295	0.900975	-0.542335	0.441157	0.630222	0.245358	0.885619	-0.490211	0.543416	0.438927	0.633951	0.236401	0.893818	-0.517931	0.490321	0.543212	0.439349	0.633247	0.238097	0.892289	-0.512741	0.500483	0.524082	0.478142	0.565623	0.392133	0.70784	0.04803	0.995617	-0.883381	-0.482687	0.557325	0.409839	0.68086	0.119216	0.972996	-0.798772	-0.212269	0.914389	-0.588605	0.341734	0.778114	-0.150376	0.957035	-0.740242	-0.0411198	0.996787	-0.887812	-0.497598	0.529552	
1.91	0.473487	0.571797	0.375522	0.730658	-0.0196734	0.999261	-0.907177	-0.571873	0.375355	0.730897	-0.0203415	0.99921	-0.906982	-0.571198	0.37683	0.728778	-0.0144352	0.999602	-0.90848	-0.576391	0.365446	0.744918	-0.0598634	0.993155	-0.883943	-0.492387	0.536929	0.44936	0.614324	0.279176	0.851136	-0.383665	0.71885	0.0130157	0.999676	-0.908764	-0.577378	0.363272	0.747943	-0.0684909	0.99104	-0.875927	-0.465443	0.586222	0.343616	0.774482	-0.145662	0.959475	-0.758331	-0.0983757	0.981515	-0.840042	-0.34783	0.768918	-0.129258	0.968088	-0.790043	-0.19216	0.929472	-0.650085	0.192814	0.928992	-0.648379	0.197044	0.925842	-0.637219	0.224449	0.903779	-0.56012	0.400768	0.693226	0.0821259	0.987118	-0.861107	-0.416273	0.669028	0.145086	0.959795	-0.759503	-0.101773	0.980217	-0.835176	-0.332261	0.789141	-0.189441	0.931454	-0.65713	0.175224	0.941357	-0.692551	0.0839135	0.986551	-0.858969	-0.409252	0.680099	0.116559	0.974051	-0.812159	-0.259841	0.871042	-0.449144	
1.92	0.484092	0.550057	0.41908	0.662794	0.156552	0.952944	-0.743555	-0.0615177	0.992734	-0.8922	-0.528358	0.464008	0.586618	0.339289	0.778975	-0.16506	0.94769	-0.724384	-0.00748498	0.999892	-0.919587	-0.623629	0.253286	0.876824	-0.476136	0.564726	0.387683	0.711427	0.0282334	0.99847	-0.914127	-0.604408	0.298607	0.8288	-0.318868	0.804781	-0.243531	0.886129	-0.507633	0.505233	0.5099	0.500804	0.518455	0.483913	0.55039	0.418377	0.663925	0.153672	0.954659	-0.749838	-0.0795341	0.987855	-0.873645	-0.465452	0.584041	0.34508	0.771366	-0.14241	0.961061	-0.773387	-0.148405	0.957714	-0.761054	-0.11207	0.975886	-0.828517	-0.317966	0.805883	-0.246939	0.882921	-0.496734	0.52625	0.468277	0.578977	0.356389	0.756135	-0.0977407	0.981658	-0.850212	-0.387891	0.711117	0.0290792	0.998376	-0.913771	-0.603155	0.301511	0.825455	-0.308242	0.817575	-0.283384	0.845812	-0.373564	0.732064	-0.0289611	0.99839	-0.913821	-0.603332	0.301101	0.825929	-0.309746	0.81579	
1.93	0.931143	-0.673364	0.124901	0.969891	-0.81553	-0.283623	0.844747	-0.377242	0.725339	-0.0154042	0.999542	-0.928233	-0.662919	0.15184	0.955503	-0.762063	-0.120829	0.971823	-0.822768	-0.306509	0.81868	-0.293559	0.833679	-0.341389	0.775065	-0.159401	0.950961	-0.745352	-0.0722109	0.989936	-0.891349	-0.533391	0.450903	0.607606	0.287474	0.840502	-0.363437	0.745073	-0.0714077	0.990159	-0.8922	-0.53632	0.444856	0.618058	0.262747	0.86676	-0.449957	0.609249	0.283613	0.844758	-0.377277	0.725287	-0.0152599	0.999551	-0.928266	-0.663037	0.151538	0.95568	-0.762716	-0.122749	0.97092	-0.819384	-0.295784	0.831148	-0.333258	0.785652	-0.191292	0.929376	-0.667019	0.141315	0.961458	-0.784095	-0.186572	0.932818	-0.679389	0.109172	0.976997	-0.842231	-0.369052	0.737136	-0.0487028	0.995422	-0.91237	-0.606568	0.289905	0.837793	-0.354661	0.757236	-0.106673	0.978038	-0.846158	-0.381848	0.718591	0.00340096	0.999978	-0.929914	-0.668948	0.136342	0.964123	-0.793998	-0.216736	
1.94	0.660383	0.153954	0.954019	-0.765694	-0.137396	0.963377	-0.800505	-0.243168	0.885286	-0.520439	0.474537	0.56314	0.384775	0.712779	0.0143747	0.999599	-0.938445	-0.708517	0.0261267	0.998676	-0.934865	-0.695508	0.0615614	0.992648	-0.911578	-0.612091	0.273168	0.855236	-0.41897	0.65946	0.156318	0.952595	-0.760429	-0.12181	0.971215	-0.829922	-0.336215	0.780702	-0.182422	0.935441	-0.697598	0.0559121	0.993935	-0.91654	-0.629689	0.230774	0.896682	-0.559834	0.391977	0.701927	0.0441589	0.996217	-0.92535	-0.661168	0.151943	0.955212	-0.770113	-0.150565	0.956021	-0.773113	-0.159545	0.950618	-0.753128	-0.100371	0.980456	-0.86491	-0.451253	0.604959	0.290008	0.836838	-0.358576	0.750561	-0.0928826	0.983263	-0.875605	-0.487367	0.539199	0.435974	0.631258	0.226935	0.900091	-0.571719	0.365888	0.740285	-0.0631625	0.99226	-0.910086	-0.606819	0.285635	0.841721	-0.374479	0.727945	-0.0280146	0.998477	-0.934097	-0.692722	0.0690634	0.990747	-0.904263	-0.586322	0.333079	
1.95	0.971205	-0.839316	-0.373682	0.727706	-0.0326342	0.997923	-0.941909	-0.730026	-0.0392292	0.996999	-0.938314	-0.716845	-0.00203895	0.999992	-0.949968	-0.759758	-0.125602	0.969237	-0.831869	-0.349412	0.761926	-0.132037	0.966004	-0.819669	-0.310122	0.812457	-0.287168	0.839192	-0.373275	0.728298	-0.0343159	0.997704	-0.941055	-0.726889	-0.0303166	0.998208	-0.943017	-0.734096	-0.0508502	0.994958	-0.930385	-0.687952	0.0771091	0.988406	-0.905044	-0.597255	0.304409	0.819304	-0.308956	0.813866	-0.291635	0.83415	-0.356823	0.751721	-0.101914	0.979746	-0.87181	-0.482104	0.546773	0.417026	0.660875	0.148327	0.957098	-0.786272	-0.205537	0.917622	-0.641957	0.196388	0.924792	-0.667719	0.130595	0.966742	-0.822452	-0.319034	0.801524	-0.252758	0.875421	-0.494405	0.523348	0.465908	0.576714	0.351433	0.759165	-0.123846	0.970091	-0.835099	-0.359912	0.747403	-0.0892915	0.984453	-0.889837	-0.544029	0.422863	0.651314	0.17279	0.94178	-0.729551	-0.0378783	0.997202	-0.939104	-0.719736	
1.96	-0.200013	0.921589	-0.664681	0.13407	0.964769	-0.824329	-0.331855	0.78415	-0.205187	0.917481	-0.649872	0.172227	0.941862	-0.738724	-0.0695974	0.990506	-0.922961	-0.669639	0.121104	0.971254	-0.848936	-0.412558	0.6664	0.129586	0.967087	-0.833103	-0.360359	0.745477	-0.0892418	0.98439	-0.899288	-0.585088	0.329036	0.787801	-0.216435	0.908185	-0.61661	0.254793	0.872757	-0.492943	0.523734	0.462376	0.580968	0.338454	0.77548	-0.178683	0.937422	-0.72237	-0.0227646	0.998984	-0.95602	-0.791391	-0.227547	0.898516	-0.582368	0.335261	0.779696	-0.191533	0.928097	-0.688275	0.071505	0.989979	-0.920913	-0.662238	0.140424	0.961351	-0.811423	-0.29048	0.834618	-0.365312	0.738432	-0.0687536	0.990735	-0.923849	-0.672855	0.112641	0.975132	-0.863728	-0.46221	0.581269	0.337767	0.776391	-0.181454	0.935466	-0.715189	-0.00253125	0.999987	-0.959951	-0.806151	-0.273763	0.853106	-0.426467	0.643527	0.18831	0.930497	-0.697015	0.0477722	0.995527	-0.942505	-0.741098	-0.0764828	
1.97	0.601327	0.28766	0.836985	-0.380073	0.715423	-0.00830407	0.999864	-0.969465	-0.851528	-0.428447	0.638373	0.197186	0.923402	-0.679762	0.0897107	0.984145	-0.908028	-0.624295	0.232204	0.89378	-0.573721	0.351563	0.756514	-0.127459	0.967996	-0.845922	-0.409701	0.669326	0.117444	0.972827	-0.864394	-0.47194	0.561227	0.379499	0.716282	-0.0107278	0.999773	-0.969107	-0.850161	-0.423864	0.646068	0.177715	0.937782	-0.732489	-0.0569834	0.993603	-0.944877	-0.758802	-0.134288	0.964475	-0.832516	-0.365375	0.737007	-0.0700642	0.990329	-0.932082	-0.711489	0.00275341	0.999985	-0.969941	-0.853348	-0.43456	0.627981	0.223112	0.901936	-0.602572	0.284707	0.840316	-0.391077	0.698705	0.0382677	0.997115	-0.95865	-0.810449	-0.29395	0.829779	-0.356411	0.749753	-0.107394	0.977279	-0.881496	-0.530759	0.445041	0.609818	0.2674	0.85914	-0.4541	0.593773	0.305443	0.816208	-0.312404	0.807736	-0.285302	0.839648	-0.388867	0.702101	0.0288957	0.998355	-0.963525	-0.828908	-0.353563	
1.98	0.374701	0.722006	-0.0321589	0.997952	-0.971899	-0.870285	-0.499645	0.505703	0.493643	0.517507	0.469728	0.563124	0.372126	0.725814	-0.0430762	0.996326	-0.965478	-0.845651	-0.41595	0.657432	0.144211	0.958822	-0.820294	-0.332308	0.781351	-0.20881	0.913669	-0.652887	0.156003	0.951813	-0.793776	-0.247558	0.878655	-0.52863	0.44669	0.604926	0.275448	0.849775	-0.429792	0.634252	0.203493	0.918009	-0.668626	0.114819	0.973897	-0.877982	-0.526286	0.451585	0.59622	0.296153	0.826341	-0.352022	0.754639	-0.127571	0.967777	-0.854453	-0.445577	0.606894	0.270726	0.854881	-0.447026	0.604333	0.276868	0.848221	-0.424568	0.64309	0.181142	0.935031	-0.731082	-0.058271	0.993277	-0.953466	-0.800013	-0.267241	0.858593	-0.459621	0.581722	0.329968	0.78442	-0.218322	0.905624	-0.623907	0.229264	0.895927	-0.589316	0.312358	0.806816	-0.288886	0.834759	-0.379709	0.714525	-0.0108812	0.999766	-0.979072	-0.897991	-0.596649	0.295139	0.827528	-0.355909	0.749191	-0.111349	
1.99	-0.191894	0.926722	-0.709037	-0.000440727	1	-0.989998	-0.950393	-0.797461	-0.265529	0.859694	-0.470757	0.558992	0.378182	0.715387	-0.0184407	0.999323	-0.987308	-0.939805	-0.757633	-0.142277	0.959717	-0.832903	-0.380518	0.71186	-0.00842326	0.999859	-0.989438	-0.948186	-0.789121	-0.239198	0.886141	-0.56264	0.370039	0.727511	-0.0532531	0.994357	-0.967603	-0.863147	-0.482594	0.536534	0.427141	0.636926	0.192706	0.9261	-0.706745	0.00601727	0.999928	-0.989713	-0.949269	-0.793213	-0.252082	0.873544	-0.518529	0.464944	0.569815	0.353868	0.750807	-0.121784	0.970486	-0.874267	-0.521041	0.459748	0.579378	0.331999	0.780656	-0.212753	0.909925	-0.647648	0.165299	0.945626	-0.779473	-0.209082	0.913007	-0.658827	0.136236	0.963065	-0.845715	-0.423314	0.643402	0.176208	0.938212	-0.751681	-0.124399	0.969204	-0.869321	-0.503881	0.494748	0.512897	0.476504	0.548159	0.402049	0.67833	0.0843376	0.985845	-0.934064	-0.736225	-0.0786343	0.987695	-0.941328	-0.763335	-0.159535	
